1550406148321811
1550601008867156
1550936398817564
1551976541064118
1552247014244723
1552685408572828
1554306135165176
1554310438654939
1554792417760947
1562765166047246
1564359721503892
1564407477575116
1564731874903241
1564814186481554
1565487638328758
1565546450585334
1565619992256621
1565729206870166
1565890050206569
1566091737382982
1566551040712199
1566636017610091
1566905623601351
1566932193945217
1566978543253707
1525
1535
1961
3095
3180
3227
3308
3521
1566829173937929
1570555440741357
1562764140104951
1560024045778086
1556225244984218
1556757315110512
1557055887806683
1559200228141852
1559382530446794
1560019077465722
1560019330252489
1560019369362331
1560019401362911
1560019431151880
1560020600156563
1560020615441514
1560020947560665
1560021389527227
1560022302140150
1560023958941764
1560023962103758
1560024073301791
1560024096150084
1560024298490374
1561828453277680
1013
2031
3121
3226
1536773900856797
1546714542802600
1546951405122557
1548037625232933
1569083416098127
1569984318307399
1569986950056157
1570052835236820
1570240845529463
1570386697754186
1570389429771696
1570390774826842
1570392717742942
1570509083700437
1570522642913481
1570633513410921
1570634532845619
1570786359440618
1570828497108105
1570840397622334
1571333824986188
1571688830182609
1571694914985029
1572045510081378
1572059507491900
1572796677113468
1573678350615411
1573727736095468
1560019422298228
1563914710197989
1565904425264617
1566830706809489
1570807961029929
1572094827135411
1585643513428875
1588642655194729
1589104710733142
1594078127655511
1596602264486254
1560016020710139
1571999327286796
1572000291174402
1572000382063926
3013
221552399911456000
221612008509068727
221596616169358244
221587929462497555
221609012613664408
221599879853811370
221602963175913373
221614746827212789
221573980596764101
221536919189936
221611185965011814
221554948734235541
221610469302695920
221594081620086154
221569525119568314
221590894740274420
221565092142508658
221586824076168644
221574001933453281
221596246022755541
221570975517832445
221592923384726660
221547698406522030
221579042000506307
221614098301383122
221603798954848454
221593715756460139
221549585234806286
221565828088038835
221603977683912300
221570554679964069
221614450753218663
221609377504659062
221590928149548095
221607967792506636
221610473932442267
221584589834373424
221608840794632040
221589818961587588
221607027349761216
221588564405882772
221585759430936601
221607966969532429
221612571972789339
221610564580725595
221612753214843052
221604478755295049
221566437746092006
221604672199327063
221607565080411867
221614119773107408
221589275402968148
221584404519565044
221605563407347736
221595455215399397
221608979546291539
221612725091529361
221604509182550047
221585274728036492
221607588951001502
221611927233261283
221549608413453462
221604874135035871
221608921850291983
221610993435596738
221608056569788014
221601619179966081
221566453612428800
221595552691145646
221606028629344669
221537285063447346
221552120250702176
221581959022282734
221572965562093298
221598247352867245
221598080969974800
221572249786417073
221574701118162888
221576671927297598
221573791176879083
221573407181922932
221574612761312138
1578874307211360
221593743208952652
221579683698242912
221574072008111128
1575954988078060
221568331104387389
221573860589485145
221607242452004307
1560020567321340
1594066935727030
1614741967705340
1594264511422580
1611485229344520
1576617951798430
1612931439237430
1544618567225850
1556765414051300
1611540835472090
1614851337484300
1571688903295090
1613660346425190
1610568501738100
1600149364294270
1544441285579580
1577162311292570
1594719948213810
1560022556201370
1560019099271550
1560023772592630
1589818961587580
1591300020423020
1565526923226380
1596333634589810
1563855671832760
1611007200055200
1607688532299910
1603794287314190
1560022543443930
1572880253977700
1607414324828180
1562084863309350
1597249682971240
1610119388103130
1610640656266540
1570619382358390
1560023816594550
1562763804974030
1594604516779230
9347572234584625317
1597594421309040
1594999792969200
1566163620101940
1605697115548590
1609046603243910
1614112079061580
1574149450608570
1596616169358240
1606222676515480
10199310501931432273
1602682927358360
1560019140192600
1607752980795780
1560020605216910
1608416332896080
221585858647795000
221611485227857000
221606773717782721
221562763777340654
223014
221579841768127742
221581217831178391
221596235713955276
221610138386994507
221594103610780834
221572795947522509
221604133382999365
221549777253459479
221610641112123481
221595561118973334
221556379973567774
221608543887010181
221613387042169033
221612685304696216
221561718639868706
221612287565281921
221611576815772471
221610565158583624
221613183164387302
221610452934216784
221584930844339621
221572889125818977
221566546643246207
221579751742881641
221570801610198511
221548676183115742
221601149438053974
221573074813232167
221567805706555546
221572887811957915
221566248435989082
221574149450608578
221572886762720818
221571504388580919
221587115654985905
221566445481161111
221573948152388068
221573155346053617
221571964251298255
221563988493124860
221614297400613228
221585205905722538
221593069712885695
221613930204363806
221611098942263354
221615095112628790
221607032783632755
221589082251504655
221566439280961854
221564003443776202
221602602315598774
221560016765196692
221560020569659341
221596695132376320
221599412153946148
221560016729898349
221610304115820165
221592179597604402
221587403147405151
221604866847474723
221588136427369024
221596164847932499
221598785429495399
221612377600416394
221613912518919475
221611754426520488
221607677746624027
221610020465441713
221562084863309356
221572170130925946
221560019099980753
221560016811791479
221560016774023071
221613661326472537
221560016744817572
221606607425520699
221586837669508099
221585748733308480
221586735636437957
221605840641678591
221565550292734176
221582666960698336
221604319469692276
221598869960277722
221603941169106868
221579065565962280
221562417989680139
221595525402804709
221607016456096392
221611455550176664
221609301678696223
221583678803624024
221601885600594828
221547973538401602
221560107527323122
221607033153751582
221597737509874065
221592273014719458
221585368314498994
221593888752080389
221603760932943464
221560019135569967
221607390301923429
221597158890871992
221610569250288326
221609737124270121
221601206782895220
221612753246771951
221561818820065388
221560016726973332
221549771043346393
221594245614808955
221594044623735779
221604127186085308
221579211344252651
221605697115548598
221603146112744388
221560022553544132
221604318914677681
221560020566091973
221606307660213993
221573886280448950
221563068880736368
221547224548708913
221574611476800608
221573966730423877
221574588989082489
221574066160008858
221567608200953209
221572542821499569
221573337644570853
221573522559915056
221537286178364263
1577589117892840
1549315372074640
1551138653266490
1547902017618940
1572595784300700
1605858691447040
1588730461106780
1577250953826410
1594081620086150
1594257498968340
1543533802765960
1540812015160430
1562029779597440
1593292329690030
1543695752150520
1612321730660680
1610677009287070
1560020630997220
1589272746886140
1607310969090240
1603318588358480
1603626064735660
1587123764405750
1562763742538980
1614463584337502
1560020657796120
1584027607254900
1563710406430640
1576617951798435
1586756846407440
1549776672403760
1574575625382530
1572046773947680
1597028724043930
1573311554006990
1578313692022580
1574181675972240
1571504388580910
1573318230790660
1589080247604320
15708016101985
1560016752296540
1560020657968930
1598801240091330
1580924050124421
1560020559576270
1560020622555790
1604804800174811
1560019106446570
1560016799221060
1560842854890339
1560016800609590
1560020604164060
1560476388320120
1538625514192760
1605677306693069
1566437746092000
1556113240375380
1610498113428670
1608735459442250
1615353816267940
1616219717827080
1593424480873280
1617114504180550
1570418803154840
1560016801349000
1606949716807000
1595552691145000
1541091220473000
1573164742464000
1573782191947000
1565176801499000
1597971583535910
1564439085192000
1536773256341000
1601149438053000
1610558072912790
1562921525291630
1588192341852360
226552
1567084180668790
1588455585126600
1554940303021410
1570547939528160
1611999234935904
1610489302701920
1606149524340770
1610819309175090
1589375575702710
1562982850606810
1597624316242680
1568884998126740
1583868403711040
1616462374046660
1605853950943590
1589183118109910
1616725191940930
1606488757571690
1590814095708120
1610415767770980
1558936975324770
1575676889927740
1614829072275370
1563893706176920
1607743910462860
1615210593608930
1591751169091470
1563741355758670
1615715289922250
1615090760469950
1564439085192940
1613447789944760
1614462817267960
1591094655318310
1574001933453280
1612646754389400
1556379973567770
1576490269826210
1618383429448640
1582292461861150
1616076347298620
1598073371719240
1562763735364290
1602674438508810
1617268282392490
1616123012203190
1606316488622350
1614995242449330
1551161909714940
1597887623593430
1612744841766480
1572615945744980
1569878227315490
1572225597115280
1536768210102210
1587269713558100
1558660987472240
1566172916432750
1593442061262020
1604686922042140
1579841768127740
1574512778474270
1605858695424350
1617369653409170
1615912005865350
1610202588460910
1618756446719800
1579750318596640
1607861974315700
1562114057120200
1573616177677040
1615571393938590
1597344713536040
1545252486507530
1609014095483620
1603140895158270
1605853915102150
1592179597604400
1610641767538320
1616545190758330
1606970045769870
1601149438053970
1613447388081640
1605861052199190
1615984221240060
1568513751477800
1612203265031930
1618476146092250
1573408371157840
1610272172479000
1610742172738340
1606496431178320
1606766973052200
1615445282068330
1559857071011160
1606310389474960
1607949998056140
1616451191982030
1618189826539750
1604416409034150
1611486139011420
1589375450660240
1614232871456780
1616188716447390
1612930724231830
1606225747589540
1615449680013690
1615308867370250
1607952120762680
1586041523819210
1613449067143030
1591351455653440
1589741594370220
1582136832074240
1594071503488240
1616280337221840
1609110551328430
1577139229517520
1614010152283930
1558573651013450
1601135070329060
1565176801499620
1543073753902370
1610289077591790
1598774065719400
1586043224123460
1614101372739210
1614016222856640
1595356781207250
1565376149351330
1563470831196100
1575446171227660
1580741630703400
1581847748043070
1602052930474980
1615362442855290
1584573616080220
1559854982858510
1578586208790750
1617343570940490
1591111135952990
1616370895424600
1616833279048010
1598802771257460
1563026262171460
1538722228892640
1572786940073700
1559567143118260
1587904987889380
1609489418324350
1610213234153990
1605858689705110
1600960670085590
1610031826634210
1616103193893170
1611096321041200
1558829289441810
1589727102791880
1607471919634420
1590754244825730
1617526823683920
1568878149079350
1618293539572780
1537252440841500
1603166348559820
1550775497128710
1570958530316300
1612651534750860
1600439458997860
1585845380416030
1614089683245850
1603230510099020
1598352568929170
1582948365413460
1616484027669170
1614573980473530
1574407814328880
1612635739599050
1590278531092240
1599426448134820
1574039735688810
1597415499210220
1550037345276660
1614103529254130
1604703631501400
1618476146092250
1573408371157840
1610272172479000
1610742172738340
1579841768127740
1574512778474270
1605858695424350
1608398580778554
1614010152283930
1558573651013450
1601135070329060
1613447388081640
1595060647211926
1596329875082140
1591351455653440
1614282158912895
1562982850606810
1609217431471700
1558936975324770
1575676889927740
1597863204813040
1536770185368180
1606149524340770
1589918466012490
1576606497104170
1614648427570910
1591001472706130
1603777034022010
1604599200806780
1590346157002130
1606496431178320
1615624351659660
1614018878424580
1618470180033810
1603030902073630
1546721139445910
1617086464567230
1614084258973690
1613455735489230
1590911077782610
1591541307566370
1604569047242020
1606319822672820
1553208648288960
1616924232185420
1540938440411210
1608494888986800
1604136016428750
1549053634722630
1612645813899360
1606318158360530
1611485228684910
1584743896523690
1605858728465490
1616802844929120
1604405353819850
1552483178138530
1597971583535910
1602578834228590
1592842765339150
1617161262995800
1575900874426350
1609288340744280
1616174926635530
1559391996507580
1615755551474700
1612640584143560
1569599903358070
1577862576883750
1618298399649250
1613636028183400
1611404080790430
1587362457819260
1572542821499560
1601397536593630
1614282158912890
1590361949094730
1608914826809550
1574073770641700
161546997233685
1617350211326300
1600674141411790
1602602007963250
1605853913177280
1581298948046150
1610634968550110
1619203929335320
1602081064801800
1536558275564570
1616898744840331
1617190681377280
1566812655670450
1601040558410580
1560020605216910
1560020622555790
1605853917010080
1607146359452800
1599910806294920
1570258806675810
1614451824552760
1575851011988980
1587298306522900
1593722027152430
1615529348107810
1618427904959760
1551584775967260
1597145408956930
1576510136875790
1565982384066740
1599879759820190
1568428932008990
1595369499204720
1554948734235540
1582940065549980
1613992836031830
1540605732139610
1593743208952650
1610823338778440
1607146359452800
1572699394247950
1606406356601890
1616827222124680
1586828430556720
1603049410261850
1579771561511020
1611290632156850
1607484283747870
1598913494713620
1608421657661390
1611545878631760
1616299990275700
1572795132070200
1615366892438989
1561745601622470
1584931128060240
1618837324810760
1573239157680370
1612730413885580
1612667269815290
1578217104374320
1560020605216910
1560020622555790
1613653980579730
1548133076718570
1549684138968850
1564392086980810
